one:
  latitude: 53.344103999999990000
  longitude: -6.267493699999932000